8 5 5 13 8
8 7 1 9 196
5 2 6 10 100
5 12 3 8 20
2 8 9 10 20
11 1 2 1 76
12 5 1 7 230
13 1 1 2 36
8 2 4 13 10
10 8 11 5 90
4 9 6 5 120
4 9 11 3 14
3 13 5 13 45
9 5 2 3 34
1 8 12 3 138
9 2 12 2 12
4 10 5 5 60
6 1 4 3 1
7 12 13 7 12
12 3 13 12 16
7 4 5 4 16
12 3 2 1 33
8 12 8 10 6
2 7 5 4 20
4 10 11 9 6
10 5 9 13 18
9 2 8 11 28
2 12 6 1 82
5 13 3 10 28
6 2 9 4 45
4 12 11 3 100
2 4 13 5 144
7 8 10 6 30
12 11 11 10 45
1 13 9 4 16
11 6 3 5 26
13 1 10 12 12
12 8 8 11 12
6 5 12 7 22
2 3 8 10 40
5 8 12 6 26
5 2 10 13 14
9 5 3 7 130
1 8 2 10 6
4 11 2 4 8
1 3 8 1 228
10 8 1 5 124
3 9 1 9 8
8 5 12 6 26
6 7 13 5 42
11 4 8 8 4
10 2 5 7 140
1 2 12 1 229
2 2 8 7 30
12 9 7 11 18
5 5 9 4 22
3 1 9 3 42
12 6 4 11 20
1 7 3 7 4
9 13 2 9 2
7 3 3 4 18
3 7 8 12 116
4 3 4 10 2
6 10 9 9 16
11 13 2 6 28
9 6 13 11 6
4 10 10 1 94
11 7 8 3 24
2 10 6 3 56
8 12 3 13 44
12 8 6 8 24
9 4 8 12 96
6 9 1 5 32
4 9 2 10 24
7 9 12 1 36
8 8 3 10 2
4 3 11 9 14
13 4 3 1 24
13 8 8 10 16
12 7 1 13 16
4 12 11 2 2
7 3 12 6 20
7 7 3 7 24
5 8 4 5 2
2 7 13 5 38
3 5 7 9 130
3 9 9 4 24
9 11 10 3 28
3 5 12 4 188
5 4 12 3 188
1 12 5 7 230
12 11 2 6 21
11 9 13 9 138
8 5 7 1 20
10 12 10 3 16
11 11 3 2 16
7 5 1 9 4
6 13 4 2 25
3 2 5 8 33
3 6 1 7 58
4 8 4 4 12
9 5 1 7 4
7 11 13 7 142
5 10 11 4 24
1 11 8 5 182
9 12 5 8 98
7 6 3 13 22
9 9 13 3 4
13 12 8 7 110
7 3 9 8 16
10 4 1 11 90
8 5 10 4 24
1 9 12 3 188
10 5 9 7 6
7 10 8 8 4
1 7 5 11 160
4 5 9 12 20
3 3 12 12 75
7 12 12 3 14
8 4 11 12 34
11 8 5 9 24
8 4 12 4 65
3 4 1 6 1
3 4 10 12 27
12 8 4 2 62
3 5 1 11 8
2 13 6 8 30
12 11 1 5 8
5 3 9 12 28
4 8 9 5 22
9 7 11 11 45
11 7 2 12 32
4 4 4 11 2
6 13 9 6 4
4 12 6 9 26
12 4 8 5 48
2 13 5 8 132
1 13 5 2 28
5 12 8 9 98
8 5 9 1 13
9 12 5 7 16
8 6 5 2 62
13 5 10 4 90
11 9 3 10 28
9 2 4 2 28
4 1 6 3 1
10 3 6 6 2
7 3 7 10 22
12 7 6 1 116
6 5 9 4 120
8 12 4 7 18
6 4 13 13 183
7 9 3 3 24
12 3 4 1 120
2 2 11 13 138
7 3 6 9 40
3 12 11 11 2
7 12 8 12 12
5 10 8 5 18
10 8 7 4 16
6 7 1 2 44
8 4 12 3 54
10 4 8 12 60
4 12 2 12 16
6 3 9 9 22
7 10 4 9 30
3 9 6 4 20
2 10 11 10 4
8 7 5 8 22
13 6 5 3 4
3 7 10 6 16
8 8 4 8 12
6 3 10 10 6
7 5 13 6 42
2 12 7 13 7
5 11 7 7 2
2 3 7 3 32
11 8 12 9 90
6 7 8 9 8
13 13 12 12 69
2 5 11 4 40
9 2 3 12 6
11 5 4 10 24
12 6 4 7 10
3 10 2 2 4
5 12 1 2 24
7 6 2 5 52
11 5 5 2 8
7 13 11 7 142
11 7 8 13 26
3 4 13 3 2
7 1 2 5 70
3 6 3 3 24
2 12 9 9 146
2 1 12 5 24
5 8 4 1 10
5 6 2 12 40
2 10 7 3 20
5 3 13 13 45
12 13 10 13 45
10 9 12 13 90
6 13 9 6 4
12 12 8 4 18
9 2 5 4 24
6 4 3 4 46
6 9 4 4 47
4 10 2 4 34
4 10 6 11 20
1 11 8 5 182
8 6 4 4 20
6 8 13 1 12
1 7 12 6 116
10 5 1 11 16
12 12 2 1 16
11 7 10 10 45
1 9 9 7 45
1 3 13 8 180
2 13 9 4 122
7 3 5 9 130
13 11 5 8 20
6 6 11 1 72
9 13 12 6 32
2 12 11 7 32
4 4 7 10 2
11 10 9 3 28
12 7 4 6 10
5 4 2 9 24
9 3 5 5 6
9 6 6 13 4
6 3 12 1 169
2 10 7 7 4
3 11 8 11 142
4 5 6 9 120
4 6 3 8 38
6 3 11 9 28
12 7 3 2 137
3 13 7 6 22
12 5 9 6 20
7 9 5 6 6
11 12 10 12 28
3 6 5 8 30
5 11 11 3 45
13 10 3 7 38
7 5 12 10 110
9 11 11 2 22
5 2 10 7 140
12 3 1 7 8
12 7 12 4 8
13 1 12 11 32
4 6 5 1 2
8 4 4 10 36
10 6 6 5 12
6 3 13 1 24
3 2 3 1 24
3 11 5 7 6
4 12 9 9 10
10 11 1 8 4
11 2 13 9 18
5 11 3 6 26
7 5 13 10 4
6 13 8 5 16
6 4 11 5 16
10 8 4 4 36
12 4 9 11 32
8 9 6 2 94
5 12 3 4 188
9 7 12 11 18
2 3 10 9 148
1 9 13 10 4
4 8 9 2 8
9 3 11 3 10
11 7 12 9 18
2 8 7 5 4
5 7 11 1 160
2 8 5 4 58
5 1 9 5 4
6 6 8 13 2
10 10 12 8 45
3 12 6 7 20
3 7 11 8 24
9 5 12 7 16
10 9 2 11 20
1 9 8 8 45
9 9 3 2 36
13 3 6 11 16
5 7 6 3 32
1 10 5 2 24
9 11 5 6 32
4 7 9 3 34
5 3 3 9 26
4 2 7 5 20
5 7 1 8 20
3 5 5 11 60
6 2 10 3 56
10 10 8 12 45
3 3 11 3 2
5 1 10 10 45
1 9 8 8 45
8 11 7 13 26
2 9 4 5 24
13 7 10 3 38
6 3 5 11 26
9 10 2 6 6
6 1 4 1 228
7 7 5 10 6
7 4 10 3 140
6 4 1 9 8
13 6 7 5 42
7 1 8 10 122
10 10 5 13 2
12 1 5 7 230
5 5 3 8 142
13 7 3 1 124
6 3 2 10 56
10 12 1 4 19
1 12 12 2 16
5 11 10 9 8
1 11 11 12 4
4 6 8 13 8
2 8 12 10 32
11 6 7 12 110
3 7 4 8 6
5 10 7 7 6
4 3 13 11 60
12 1 1 1 28
2 5 12 8 20
5 12 8 3 20
8 8 10 7 4
7 10 2 5 140
2 4 5 3 40
3 6 11 1 18
13 6 3 1 24
4 8 5 3 68
9 11 3 1 154
10 2 9 10 12
6 3 6 5 18
5 10 2 6 100
8 13 2 4 10
6 13 4 8 8
3 2 11 1 34
10 4 8 3 38
5 10 13 2 14
10 12 12 4 28
8 11 8 7 2
10 8 7 5 4
11 3 8 11 142
9 8 12 10 32
6 7 13 2 118
5 2 6 6 10
11 7 1 8 12
13 13 8 2 4
13 3 12 13 2
2 9 7 11 22
5 5 6 6 11
7 10 12 6 28
13 13 3 12 2
7 10 8 10 6
5 2 9 4 24
9 8 7 2 4
5 13 8 6 16
2 13 5 8 132
9 11 2 5 20
2 6 2 9 8
3 8 6 9 30
8 7 4 2 14
8 7 4 6 36
11 8 11 2 4
3 5 10 7 26
7 2 10 7 4
13 10 7 12 16
2 5 11 9 20
13 7 3 7 49
11 9 6 13 6
9 7 12 3 30
9 4 10 7 30
3 7 13 5 4
3 12 11 9 32
4 1 13 3 24
1 6 12 3 169
5 13 8 1 2
5 9 11 5 4
13 7 1 9 8
11 9 2 11 22
11 4 7 12 16
4 3 1 13 24
7 11 9 5 4
8 4 9 7 28
13 12 9 5 20
10 8 4 7 16
4 10 5 11 24
12 1 12 12 4
5 2 5 8 4
1 7 5 8 20
12 10 6 9 10
13 9 4 1 16
8 13 7 9 16
3 7 4 2 28
6 2 8 2 58
10 9 3 13 18
13 8 4 4 8
9 6 7 8 8
12 6 13 4 20
3 1 13 12 18
8 11 11 6 45
10 6 9 12 10
2 3 4 9 110
10 3 4 10 16
4 3 8 13 9
11 6 6 9 18
3 13 2 7 32
6 5 6 2 10
10 10 10 12 8
2 12 5 3 1
2 10 5 13 14
5 4 7 6 20
4 1 7 8 48
2 13 13 3 8
4 12 11 3 100
1 11 9 7 4
2 11 1 4 26
4 3 1 1 12
2 5 3 12 1
12 13 12 13 69
10 12 3 11 16
12 12 1 5 8
13 5 12 9 20
6 6 9 10 18
5 10 13 6 90
6 4 8 3 38
1 12 6 6 110
2 10 3 4 58
4 6 6 7 28
8 13 10 2 18
3 5 9 1 72
6 9 1 2 72
8 5 10 12 16
8 1 9 6 153
11 8 5 10 90
7 6 3 2 24
9 4 6 4 47
1 11 7 2 16
11 2 7 4 140
8 11 10 7 16
2 2 6 9 8
8 7 3 2 37
3 6 3 8 18
11 1 6 6 72
2 5 1 8 68
3 11 8 2 150
3 10 8 1 8
4 7 3 4 20
11 3 12 2 90
3 9 1 12 188
8 11 7 8 2
3 6 5 4 16
9 4 10 2 24
2 8 6 9 94
3 7 9 6 40
13 9 12 10 90
9 12 1 3 188
5 13 4 1 4
4 5 3 12 188
13 2 3 7 32
12 1 12 10 32
5 3 4 2 40
10 13 2 3 92
4 4 5 10 10
5 2 3 3 12
1 8 4 11 136
10 11 7 3 20
12 4 4 12 77
7 2 9 11 22
8 5 5 4 2
5 3 12 4 188
13 11 6 7 24
11 6 11 8 45
5 2 10 2 18
8 4 2 13 10
3 4 1 13 24
6 3 9 8 30
11 5 5 7 2
1 6 12 9 26
6 11 3 11 10
4 1 5 5 22
10 10 6 2 61
8 8 11 8 2
8 9 3 10 114
9 1 2 3 92
2 5 10 11 110
11 7 7 12 14
1 5 9 6 32
4 2 7 2 24
2 9 2 12 12
8 2 9 8 16
6 11 8 13 16
1 7 2 5 70
3 5 13 13 45
13 3 9 10 18
9 4 4 11 16
10 13 5 9 18
12 5 8 12 2
8 2 11 12 16
5 4 3 11 12
8 8 2 4 46
11 6 9 2 126
11 3 4 4 8
8 12 2 7 28
7 13 7 11 142
12 6 8 9 32
9 3 11 7 94
8 2 3 13 4
5 12 10 1 151
12 13 3 2 90
4 4 13 3 68
4 8 11 7 6
7 8 13 8 16
10 9 6 2 6
4 5 3 5 32
2 13 12 6 11
9 9 2 6 12
11 11 4 2 51
2 3 12 3 142
6 2 12 9 35
8 4 8 13 2
8 3 7 9 16
9 9 13 10 12
5 8 6 8 18
3 13 11 6 16
9 3 4 1 58
2 9 12 8 34
2 4 1 4 80
1 2 4 3 242
7 3 6 2 24
13 9 4 3 16
5 5 11 13 138
12 11 11 3 2
12 4 7 13 24
8 10 12 2 32
6 10 3 6 2
9 1 9 6 94
7 8 4 6 36
6 13 11 9 6
1 5 9 3 72
7 7 10 3 22
4 10 12 11 12
1 7 4 12 160
1 4 5 2 20
8 7 3 12 116
7 3 2 12 137
10 12 8 12 20
1 6 5 10 12
6 11 5 3 26
10 8 10 3 138
4 11 11 6 183
13 10 7 7 12
10 8 12 5 16
11 11 13 10 36
3 5 12 9 28
7 6 13 12 92
2 7 11 4 140
6 2 7 5 52
13 10 10 11 138
7 2 10 10 8
2 10 13 5 14
12 12 13 7 8
7 2 13 12 7
10 3 10 5 2
11 6 1 5 6
6 2 12 8 118
3 13 6 9 36
1 9 12 7 36
8 6 1 10 189
4 4 8 2 72
9 13 12 9 10
10 4 7 6 26
5 5 2 4 4
9 8 2 11 28
3 3 5 1 66
10 10 5 13 2
8 5 10 6 100
8 1 2 5 68
13 8 9 11 24
10 12 2 8 32
10 10 2 11 4
10 7 1 2 64
7 1 9 4 4
6 1 1 9 4
1 5 7 8 20
2 2 4 13 28
4 8 13 7 94
6 5 7 6 82
11 9 5 2 20
11 13 1 13 8
1 3 10 2 76
8 4 4 6 20
13 5 7 10 4
8 3 2 1 49
12 3 13 7 36
11 6 5 11 2
11 9 13 3 4
3 9 2 4 110
7 4 6 12 10
10 6 3 12 60
8 8 13 12 8
11 10 8 4 16
2 2 10 9 6
7 10 11 13 6
3 6 2 8 26
12 5 1 6 144
4 1 11 10 90
10 11 4 9 6
6 13 4 2 25
2 7 10 2 4
6 1 3 6 82
12 10 5 2 10
1 10 5 5 2
3 2 8 10 40
8 10 11 4 16
9 8 2 13 21
5 2 1 3 48
8 5 4 13 18
9 3 1 2 92
6 7 2 3 24
6 9 2 6 10
5 4 13 9 22
13 7 1 12 16
4 3 5 9 20
7 9 5 12 16
11 9 10 13 26
8 1 2 9 38
4 6 11 3 129
9 4 12 12 24
8 3 12 4 54
12 7 3 12 14
7 12 9 10 90
9 3 6 3 68
5 3 6 13 4
12 9 6 1 26
3 13 9 5 102
2 7 13 3 32
10 8 13 6 16
9 8 6 13 106
2 5 7 4 20
1 8 8 10 16
12 12 1 2 16
12 5 10 3 98
3 1 1 4 12
13 3 2 4 46
1 12 5 12 8
11 2 3 11 16
10 8 5 5 18
1 1 13 11 240
6 3 5 7 32
10 8 5 6 100
8 12 7 8 16
7 1 12 7 4
12 11 12 11 69
6 13 2 12 11
8 4 8 2 46
3 3 9 11 10
13 12 10 5 16
11 12 11 3 2
13 6 4 13 183
10 13 5 7 4
4 10 11 7 110
4 5 10 13 90
9 5 2 11 20
11 2 2 6 6
7 5 2 8 4
5 5 2 4 4
8 8 6 5 18
2 5 4 3 40
2 1 1 6 24
10 5 5 2 2
4 5 5 6 138
7 2 5 4 20
5 7 6 6 82
10 8 8 12 6
6 2 7 12 20
6 2 13 4 25
7 2 3 7 24
12 13 10 13 45
6 12 6 11 12
11 10 9 5 8
1 7 8 2 40
9 2 8 4 8
1 5 2 10 24
12 4 9 4 4
2 9 6 5 16
2 7 10 6 8
1 6 1 9 4
3 2 10 3 8
12 9 3 2 6
2 9 3 4 110
3 9 4 1 58
7 9 1 2 40
13 12 3 8 44
10 13 12 8 8
2 4 2 6 182
12 1 2 1 229
2 3 2 5 4
10 3 4 4 2
7 7 1 3 4
8 13 9 3 18
4 12 3 6 126
4 2 5 3 40
6 7 7 3 12
7 9 5 13 94
4 8 2 9 8
10 7 10 8 6
9 8 6 9 16
4 4 2 13 4
10 2 1 7 64
9 7 12 11 18
13 11 6 8 16
6 2 11 5 148
7 10 3 5 26
7 8 5 3 30
2 2 12 4 18
11 9 3 3 10
3 1 7 7 4
13 1 3 5 36
12 8 7 1 20
1 13 1 3 4
10 5 10 13 2
1 4 8 11 136
1 4 11 5 32
7 7 1 2 1
12 3 12 3 75
3 7 10 13 38
12 11 4 4 12
8 13 5 4 18
7 4 5 5 2
2 5 8 11 12
8 11 8 2 4
10 11 1 2 120
3 3 2 7 32
3 13 7 8 16
4 10 3 5 96
12 10 2 10 142
6 3 13 3 10
12 11 13 9 16
3 8 8 10 2
1 3 6 5 32
8 7 6 3 156
5 3 7 12 28
13 4 13 2 49
5 2 8 10 12
6 9 12 6 30
9 3 6 2 80
1 7 10 1 4
8 6 13 10 16
6 6 2 4 44
10 12 2 8 32
1 2 4 7 40
12 3 6 13 16
8 13 12 8 8
4 12 10 2 121
1 7 9 7 60
5 9 7 6 6
13 6 11 2 28
3 4 4 7 20
11 12 13 4 32
12 4 4 6 46
13 8 4 6 8
13 10 8 7 90
